015.1 012.71 0.192887 1.845149 
015.1 012.69 0.174194 1.458218 
015.1 012.66 0.185604 1.927385 
015.1 012.63 0.222541 2.994045 
015.1 012.59 0.147409 0.903401 
015.1 012.56 0.164908 1.325868 
015.1 012.42 0.176768 1.657467 
015.1 012.41 0.198271 2.135797 
015.16 012.71 0.176429 1.751142 
015.16 012.69 0.151970 1.150830 
015.16 012.66 0.136793 0.636283 
015.16 012.63 0.156604 1.069290 
015.16 012.59 0.112040 0.109646 
015.16 012.56 0.138970 0.881097 
015.16 012.42 0.126303 0.305171 
015.16 012.41 0.151274 0.911828 
015.2 012.71 0.191098 1.804986 
015.2 012.69 0.181121 1.740512 
015.2 012.66 0.177800 1.664670 
015.2 012.63 0.208615 2.504788 
015.2 012.59 0.149618 1.011133 
015.2 012.56 0.164348 1.331192 
015.2 012.42 0.167333 1.334383 
015.2 012.41 0.206886 2.480597 
015.24 012.71 0.156294 0.877749 
015.24 012.69 0.135360 0.407888 
015.24 012.66 0.139668 0.614286 
015.24 012.63 0.151957 0.768975 
015.24 012.59 0.111982 -0.020873 
015.24 012.56 0.122586 0.146495 
015.24 012.42 0.134695 0.487281 
015.24 012.41 0.157272 1.005377 
015.34 012.71 0.169789 1.171446 
015.34 012.69 0.148928 0.704275 
015.34 012.66 0.136903 0.306343 
015.34 012.63 0.172374 1.318769 
015.34 012.59 0.119591 0.055032 
015.34 012.56 0.125962 0.065759 
015.34 012.42 0.148896 0.807077 
015.34 012.41 0.175950 1.490827 
015.4 012.71 0.258521 3.710213 
015.4 012.69 0.235121 3.149109 
015.4 012.66 0.228117 2.936959 
015.4 012.63 0.211315 2.015272 
015.4 012.59 0.192584 2.011457 
015.4 012.56 0.215344 2.628596 
015.4 012.42 0.239599 3.418778 
015.4 012.41 0.260363 3.869799 
015.46 012.71 0.160543 1.066801 
015.46 012.69 0.132930 0.349843 
015.46 012.66 0.142955 0.767780 
015.46 012.63 0.138351 0.297390 
015.46 012.59 0.101650 -0.371308 
015.46 012.56 0.110746 -0.259752 
015.46 012.42 0.134340 0.506009 
015.46 012.41 0.149983 0.767552 
015.5 012.71 0.253207 3.596268 
015.5 012.69 0.239952 3.410538 
015.5 012.66 0.233990 3.236957 
015.5 012.63 0.225877 2.636745 
015.5 012.59 0.198725 2.321349 
015.5 012.56 0.219882 2.879189 
015.5 012.42 0.200685 2.061675 
015.5 012.41 0.212433 2.179090 
018.18 015.5 0.164562 -2.982394 
018.18 015.46 0.196621 -0.279016 
018.18 015.4 0.176078 -2.688356 
018.18 015.34 0.216533 0.155172 
018.18 015.24 0.162463 -1.561235 
018.18 015.2 0.168659 -2.011284 
018.18 015.16 0.081380 -4.412579 
018.18 015.1 0.169222 -2.048627 
018.18 012.71 0.207845 -0.344918 
018.18 012.69 0.182097 -0.792658 
018.18 012.66 0.174665 -0.968164 
018.18 012.63 0.200827 -0.539195 
018.18 012.59 0.157654 -1.050570 
018.18 012.56 0.179198 -0.569593 
018.18 012.42 0.182021 -0.619224 
018.18 012.41 0.188455 -0.890301 
018.28 015.5 0.245697 0.556284 
018.28 015.46 0.126541 -2.335296 
018.28 015.4 0.245717 0.425008 
018.28 015.34 0.145150 -1.949283 
018.28 015.24 0.143929 -1.710289 
018.28 015.2 0.186501 -0.814441 
018.28 015.16 0.154290 -1.178208 
018.28 015.1 0.196012 -0.520694 
018.28 012.71 0.159131 -1.610637 
018.28 012.69 0.143649 -1.678548 
018.28 012.66 0.127339 -2.182536 
018.28 012.63 0.164808 -1.335218 
018.28 012.59 0.109062 -2.311789 
018.28 012.56 0.110757 -2.565212 
018.28 012.42 0.136597 -1.763219 
018.28 012.41 0.159147 -1.437993 
018.36 015.5 0.231126 0.203997 
018.36 015.46 0.135801 -1.805849 
018.36 015.4 0.232300 0.115408 
018.36 015.34 0.077392 -4.269497 
018.36 015.24 0.112247 -2.695702 
018.36 015.2 0.187203 -0.601627 
018.36 015.16 0.139277 -1.546855 
018.36 015.1 0.175399 -1.096539 
018.36 012.71 0.157321 -1.490762 
018.36 012.69 0.143659 -1.491330 
018.36 012.66 0.136440 -1.658964 
018.36 012.63 0.157506 -1.418544 
018.36 012.59 0.100779 -2.431443 
018.36 012.56 0.105269 -2.581441 
018.36 012.42 0.140825 -1.419947 
018.36 012.41 0.157098 -1.326993 
018.43 015.5 0.224301 -0.128396 
018.43 015.46 0.152016 -1.285769 
018.43 015.4 0.252801 0.794044 
018.43 015.34 0.165435 -1.091811 
018.43 015.24 0.145423 -1.548083 
018.43 015.2 0.172573 -1.222810 
018.43 015.16 0.145204 -1.407458 
018.43 015.1 0.191526 -0.579709 
018.43 012.71 0.164194 -1.316360 
018.43 012.69 0.155722 -1.124910 
018.43 012.66 0.147569 -1.327057 
018.43 012.63 0.169741 -1.045724 
018.43 012.59 0.096424 -2.672447 
018.43 012.56 0.109381 -2.509155 
018.43 012.42 0.070755 -4.092431 
018.43 012.41 0.126595 -2.535482 
018.49 015.5 0.208386 -0.332817 
018.49 015.46 0.110101 -2.452196 
018.49 015.4 0.208270 -0.469169 
018.49 015.34 0.131765 -1.953142 
018.49 015.24 0.120330 -2.092086 
018.49 015.2 0.164904 -1.122120 
018.49 015.16 0.131194 -1.541382 
018.49 015.1 0.164408 -1.198666 
018.49 012.71 0.149099 -1.490421 
018.49 012.69 0.118838 -2.105174 
018.49 012.66 0.129647 -1.605763 
018.49 012.63 0.131791 -2.065435 
018.49 012.59 0.087730 -2.609688 
018.49 012.56 0.098805 -2.516022 
018.49 012.42 0.113708 -2.118729 
018.49 012.41 0.136589 -1.781249 
018.52 015.5 0.236339 0.517780 
018.52 015.46 0.120074 -2.266808 
018.52 015.4 0.227562 0.061012 
018.52 015.34 0.144346 -1.671278 
018.52 015.24 0.143154 -1.431241 
018.52 015.2 0.168159 -1.185341 
018.52 015.16 0.139856 -1.404551 
018.52 015.1 0.188849 -0.477993 
018.52 012.71 0.146805 -1.758939 
018.52 012.69 0.139911 -1.509114 
018.52 012.66 0.125816 -1.931134 
018.52 012.63 0.137792 -2.027066 
018.52 012.59 0.096203 -2.479842 
018.52 012.56 0.100759 -2.627367 
018.52 012.42 0.108138 -2.508475 
018.52 012.41 0.132636 -2.111155 
018.67 015.5 0.213948 -0.611371 
018.67 015.46 0.156774 -1.209601 
018.67 015.4 0.212097 -0.811898 
018.67 015.34 0.155894 -1.544708 
018.67 015.24 0.147270 -1.579604 
018.67 015.2 0.185967 -0.827113 
018.67 015.16 0.152134 -1.250934 
018.67 015.1 0.189431 -0.757105 
018.67 012.71 0.150456 -1.924537 
018.67 012.69 0.093109 -3.541463 
018.67 012.66 0.082985 -3.816577 
018.67 012.63 0.171221 -1.090870 
018.67 012.59 0.125721 -1.688345 
018.67 012.56 0.146697 -1.228359 
018.67 012.42 0.151552 -1.202823 
018.67 012.41 0.159081 -1.433379 
018.74 015.5 0.244285 0.196504 
018.74 015.46 0.152635 -1.677371 
018.74 015.4 0.263173 0.763305 
018.74 015.34 0.179093 -1.000963 
018.74 015.24 0.162252 -1.339886 
018.74 015.2 0.221899 0.187726 
018.74 015.16 0.173401 -0.778668 
018.74 015.1 0.213159 -0.193794 
018.74 012.71 0.172374 -1.428185 
018.74 012.69 0.130014 -2.490610 
018.74 012.66 0.130070 -2.389027 
018.74 012.63 0.159856 -1.825982 
018.74 012.59 0.123180 -2.096991 
018.74 012.56 0.137029 -1.900694 
018.74 012.42 0.131162 -2.271893 
018.74 012.41 0.167024 -1.454099 
021.25 018.74 0.143175 -4.445031 
021.25 018.67 0.150093 -3.810287 
021.25 018.52 0.124962 -4.184125 
021.25 018.49 0.123104 -3.948593 
021.25 018.43 0.130106 -4.339001 
021.25 018.36 0.112682 -4.743105 
021.25 018.28 0.109174 -5.256121 
021.25 018.18 0.184998 -3.211771 
021.25 015.5 0.209261 -3.290921 
021.25 015.46 0.132109 -4.232472 
021.25 015.4 0.212213 -3.390878 
021.25 015.34 0.123024 -4.876693 
021.25 015.24 0.125085 -4.521902 
021.25 015.2 0.188544 -3.074149 
021.25 015.16 0.142154 -3.660883 
021.25 015.1 0.184567 -3.320776 
021.25 012.71 0.158168 -3.940855 
021.25 012.69 0.131470 -4.254707 
021.25 012.66 0.130029 -4.201046 
021.25 012.63 0.137531 -4.513001 
021.25 012.59 0.097053 -4.579779 
021.25 012.56 0.112833 -4.421344 
021.25 012.42 0.126586 -4.178377 
021.25 012.41 0.153291 -3.902771 
021.26 018.74 0.168993 -4.012661 
021.26 018.67 0.171598 -3.537494 
021.26 018.52 0.137061 -4.259348 
021.26 018.49 0.131286 -4.168757 
021.26 018.43 0.138413 -4.554533 
021.26 018.36 0.129805 -4.632465 
021.26 018.28 0.116334 -5.514091 
021.26 018.18 0.192820 -3.445230 
021.26 015.5 0.233556 -2.914926 
021.26 015.46 0.155457 -3.891492 
021.26 015.4 0.239440 -2.906375 
021.26 015.34 0.145728 -4.559571 
021.26 015.24 0.145985 -4.271491 
021.26 015.2 0.185744 -3.700637 
021.26 015.16 0.159023 -3.559625 
021.26 015.1 0.194027 -3.493669 
021.26 012.71 0.166456 -4.157081 
021.26 012.69 0.152171 -4.011677 
021.26 012.66 0.158301 -3.677872 
021.26 012.63 0.157079 -4.312613 
021.26 012.59 0.109372 -4.646862 
021.26 012.56 0.133245 -4.189001 
021.26 012.42 0.137200 -4.308579 
021.26 012.41 0.180409 -3.422313 
021.35 018.74 0.185604 -4.009129 
021.35 018.67 0.164961 -4.394103 
021.35 018.52 0.166330 -3.787458 
021.35 018.49 0.160625 -3.694248 
021.35 018.43 0.188731 -3.303828 
021.35 018.36 0.056411 -7.959119 
021.35 018.28 0.171675 -4.077525 
021.35 018.18 0.231936 -2.608989 
021.35 015.5 0.266298 -2.314533 
021.35 015.46 0.178425 -3.652727 
021.35 015.4 0.243384 -3.371510 
021.35 015.34 0.102276 -6.778313 
021.35 015.24 0.154920 -4.551953 
021.35 015.2 0.225353 -2.846159 
021.35 015.16 0.189709 -3.035308 
021.35 015.1 0.209007 -3.550464 
021.35 012.71 0.197684 -3.612715 
021.35 012.69 0.166613 -4.088364 
021.35 012.66 0.172876 -3.749668 
021.35 012.63 0.196873 -3.451289 
021.35 012.59 0.153995 -3.606861 
021.35 012.56 0.146441 -4.311834 
021.35 012.42 0.185613 -3.128339 
021.35 012.41 0.187339 -3.776963 
021.48 018.74 0.174788 -3.601658 
021.48 018.67 0.158868 -3.811903 
021.48 018.52 0.091459 -5.750048 
021.48 018.49 0.019619 -8.103843 
021.48 018.43 0.149701 -3.940301 
021.48 018.36 0.143850 -3.916199 
021.48 018.28 0.162560 -3.607149 
021.48 018.18 0.193711 -3.215682 
021.48 015.5 0.225580 -3.013452 
021.48 015.46 0.126786 -4.755699 
021.48 015.4 0.221201 -3.384619 
021.48 015.34 0.146267 -4.343019 
021.48 015.24 0.148499 -3.981888 
021.48 015.2 0.185525 -3.512151 
021.48 015.16 0.162152 -3.247276 
021.48 015.1 0.187242 -3.548117 
021.48 012.71 0.179846 -3.465052 
021.48 012.69 0.148127 -3.964689 
021.48 012.66 0.156093 -3.563008 
021.48 012.63 0.146355 -4.512821 
021.48 012.59 0.112519 -4.333841 
021.48 012.56 0.121550 -4.425121 
021.48 012.42 0.142531 -3.914728 
021.48 012.41 0.167574 -3.700599 
021.51 018.74 0.156509 -4.116615 
021.51 018.67 0.152359 -3.891370 
021.51 018.52 0.068698 -6.430806 
021.51 018.49 0.062776 -6.345649 
021.51 018.43 0.133283 -4.386370 
021.51 018.36 0.136971 -4.009351 
021.51 018.28 0.143946 -4.134478 
021.51 018.18 0.198396 -2.880940 
021.51 015.5 0.217130 -3.164719 
021.51 015.46 0.132739 -4.374070 
021.51 015.4 0.244154 -2.373970 
021.51 015.34 0.154151 -3.889926 
021.51 015.24 0.151140 -3.722767 
021.51 015.2 0.185182 -3.363451 
021.51 015.16 0.148593 -3.587574 
021.51 015.1 0.197156 -3.019912 
021.51 012.71 0.157478 -4.131284 
021.51 012.69 0.139099 -4.137368 
021.51 012.66 0.137898 -4.074840 
021.51 012.63 0.141298 -4.538546 
021.51 012.59 0.104924 -4.453492 
021.51 012.56 0.110304 -4.679847 
021.51 012.42 0.126544 -4.344857 
021.51 012.41 0.144819 -4.381172 
021.58 018.74 0.141845 -4.671462 
021.58 018.67 0.150864 -3.958957 
021.58 018.52 0.116180 -4.686232 
021.58 018.49 0.116490 -4.370478 
021.58 018.43 0.122831 -4.785374 
021.58 018.36 0.122698 -4.549706 
021.58 018.28 0.147989 -3.997148 
021.58 018.18 0.191363 -3.153444 
021.58 015.5 0.221990 -2.997141 
021.58 015.46 0.130468 -4.470368 
021.58 015.4 0.238905 -2.580454 
021.58 015.34 0.142701 -4.325857 
021.58 015.24 0.144063 -3.996890 
021.58 015.2 0.167424 -4.032749 
021.58 015.16 0.142528 -3.824244 
021.58 015.1 0.181358 -3.616715 
021.58 012.71 0.161390 -3.998808 
021.58 012.69 0.134126 -4.333630 
021.58 012.66 0.121882 -4.679670 
021.58 012.63 0.148129 -4.298047 
021.58 012.59 0.070836 -5.726985 
021.58 012.56 0.106605 -4.828977 
021.58 012.42 0.117107 -4.706290 
021.58 012.41 0.150760 -4.173594 
021.6 018.74 0.244366 -2.416928 
021.6 018.67 0.223594 -2.806665 
021.6 018.52 0.206692 -2.876047 
021.6 018.49 0.185345 -3.361589 
021.6 018.43 0.195281 -3.643464 
021.6 018.36 0.194691 -3.424718 
021.6 018.28 0.219395 -2.893864 
021.6 018.18 0.150489 -6.204523 
021.6 015.5 0.151157 -7.156722 
021.6 015.46 0.212541 -2.972389 
021.6 015.4 0.162376 -6.950774 
021.6 015.34 0.238121 -2.334051 
021.6 015.24 0.211810 -3.029001 
021.6 015.2 0.183747 -4.967561 
021.6 015.16 0.127925 -5.903286 
021.6 015.1 0.199248 -4.493518 
021.6 012.71 0.222788 -3.265840 
021.6 012.69 0.226146 -2.467645 
021.6 012.66 0.212271 -2.874042 
021.6 012.63 0.223068 -3.064054 
021.6 012.59 0.180260 -3.217038 
021.6 012.56 0.188227 -3.347702 
021.6 012.42 0.193673 -3.412115 
021.6 012.41 0.218118 -3.220093 
021.8 018.74 0.190670 -3.676700 
021.8 018.67 0.169439 -4.083456 
021.8 018.52 0.175067 -3.319191 
021.8 018.49 0.166563 -3.329543 
021.8 018.43 0.172523 -3.758550 
021.8 018.36 0.173069 -3.497751 
021.8 018.28 0.195465 -3.052289 
021.8 018.18 0.147261 -5.596995 
021.8 015.5 0.129834 -7.218699 
021.8 015.46 0.190368 -3.065833 
021.8 015.4 0.170256 -5.932226 
021.8 015.34 0.212194 -2.566370 
021.8 015.24 0.188579 -3.161577 
021.8 015.2 0.169482 -4.768392 
021.8 015.16 0.117264 -5.570768 
021.8 015.1 0.179741 -4.488312 
021.8 012.71 0.206478 -3.142316 
021.8 012.69 0.183499 -3.318613 
021.8 012.66 0.184411 -3.177875 
021.8 012.63 0.173911 -4.155883 
021.8 012.59 0.150405 -3.594703 
021.8 012.56 0.169474 -3.314615 
021.8 012.42 0.171214 -3.516103 
021.8 012.41 0.201504 -3.107854 
024.13 021.8 0.141468 -8.358048 
024.13 021.6 0.159878 -8.576727 
024.13 021.58 0.180800 -6.159900 
024.13 021.51 0.194229 -5.591979 
024.13 021.48 0.196364 -5.708642 
024.13 021.35 0.235161 -5.430197 
024.13 021.26 0.187480 -6.297191 
024.13 021.25 0.177496 -6.013291 
024.13 018.74 0.201424 -6.143275 
024.13 018.67 0.177312 -6.654536 
024.13 018.52 0.179059 -5.873907 
024.13 018.49 0.169910 -5.813398 
024.13 018.43 0.182828 -6.150682 
024.13 018.36 0.200745 -5.299951 
024.13 018.28 0.185691 -6.197306 
024.13 018.18 0.112050 -9.670577 
024.13 015.5 0.177390 -8.523687 
024.13 015.46 0.187429 -5.992033 
024.13 015.4 0.184778 -8.581979 
024.13 015.34 0.214058 -5.437828 
024.13 015.24 0.176829 -6.385622 
024.13 015.2 0.177467 -7.407866 
024.13 015.16 0.063675 -10.050600 
024.13 015.1 0.199935 -6.743072 
024.13 012.71 0.214546 -5.835247 
024.13 012.69 0.192047 -5.822175 
024.13 012.66 0.174588 -6.292686 
024.13 012.63 0.181856 -6.737711 
024.13 012.59 0.156321 -5.956993 
024.13 012.56 0.176292 -5.754856 
024.13 012.42 0.160609 -6.634960 
024.13 012.41 0.204133 -5.956274 
024.14 021.8 0.127166 -8.166142 
024.14 021.6 0.130202 -8.953659 
024.14 021.58 0.155058 -6.391309 
024.14 021.51 0.172992 -5.656671 
024.14 021.48 0.183245 -5.472987 
024.14 021.35 0.216996 -5.381244 
024.14 021.26 0.165249 -6.398680 
024.14 021.25 0.145035 -6.493281 
024.14 018.74 0.182476 -6.123289 
024.14 018.67 0.167412 -6.299770 
024.14 018.52 0.161852 -5.789496 
024.14 018.49 0.154489 -5.662922 
024.14 018.43 0.159604 -6.288885 
024.14 018.36 0.171131 -5.674615 
024.14 018.28 0.164803 -6.249102 
024.14 018.18 0.106186 -9.166485 
024.14 015.5 0.157298 -8.546008 
024.14 015.46 0.173958 -5.769379 
024.14 015.4 0.175764 -8.194447 
024.14 015.34 0.185600 -5.769704 
024.14 015.24 0.167923 -5.994063 
024.14 015.2 0.156302 -7.469891 
024.14 015.16 0.049480 -9.854762 
024.14 015.1 0.172653 -7.031449 
024.14 012.71 0.185258 -6.197863 
024.14 012.69 0.171141 -5.874639 
024.14 012.66 0.152474 -6.389846 
024.14 012.63 0.172851 -6.349846 
024.14 012.59 0.136391 -5.973343 
024.14 012.56 0.157549 -5.727285 
024.14 012.42 0.137256 -6.777977 
024.14 012.41 0.178760 -6.174015 
024.21 021.8 0.139661 -9.012072 
024.21 021.6 0.177499 -8.511908 
024.21 021.58 0.204375 -5.874787 
024.21 021.51 0.190006 -6.335414 
024.21 021.48 0.194078 -6.380373 
024.21 021.35 0.259031 -5.134181 
024.21 021.26 0.219054 -5.716118 
024.21 021.25 0.201450 -5.714167 
024.21 018.74 0.226738 -5.793852 
024.21 018.67 0.191857 -6.703541 
024.21 018.52 0.163754 -7.027364 
024.21 018.49 0.176812 -6.145219 
024.21 018.43 0.196129 -6.245725 
024.21 018.36 0.211648 -5.483708 
024.21 018.28 0.200764 -6.226762 
024.21 018.18 0.164222 -8.327410 
024.21 015.5 0.160772 -9.725713 
024.21 015.46 0.195254 -6.289680 
024.21 015.4 0.202206 -8.524337 
024.21 015.34 0.228812 -5.479099 
024.21 015.24 0.202218 -6.033388 
024.21 015.2 0.168190 -8.338281 
024.21 015.16 0.134329 -8.023581 
024.21 015.1 0.186818 -7.815596 
024.21 012.71 0.225703 -6.009645 
024.21 012.69 0.197100 -6.222415 
024.21 012.66 0.191882 -6.239977 
024.21 012.63 0.203165 -6.536463 
024.21 012.59 0.164576 -6.238743 
024.21 012.56 0.178439 -6.262598 
024.21 012.42 0.191122 -6.093169 
024.21 012.41 0.201949 -6.624273 
024.29 021.8 0.204628 -5.807517 
024.29 021.6 0.208419 -6.567105 
024.29 021.58 0.158045 -6.788215 
024.29 021.51 0.140869 -7.352692 
024.29 021.48 0.171886 -6.400710 
024.29 021.35 0.177421 -7.352973 
024.29 021.26 0.137761 -7.923166 
024.29 021.25 0.137798 -7.268501 
024.29 018.74 0.181230 -6.676852 
024.29 018.67 0.188422 -6.029843 
024.29 018.52 0.148448 -6.792926 
024.29 018.49 0.144765 -6.530168 
024.29 018.43 0.153665 -7.016079 
024.29 018.36 0.139940 -7.336125 
024.29 018.28 0.135724 -7.832467 
024.29 018.18 0.192697 -6.473031 
024.29 015.5 0.244723 -5.818758 
024.29 015.46 0.155845 -6.947033 
024.29 015.4 0.235897 -6.476983 
024.29 015.34 0.150463 -7.577241 
024.29 015.24 0.142145 -7.455302 
024.29 015.2 0.199097 -6.393917 
024.29 015.16 0.161884 -6.203252 
024.29 015.1 0.213680 -6.020906 
024.29 012.71 0.180687 -6.874434 
024.29 012.69 0.162613 -6.697648 
024.29 012.66 0.158901 -6.659496 
024.29 012.63 0.178240 -6.657891 
024.29 012.59 0.121286 -7.039681 
024.29 012.56 0.135374 -7.055193 
024.29 012.42 0.147411 -6.909671 
024.29 012.41 0.169750 -7.014834 
024.30 021.8 0.207264 -5.922074 
024.30 021.6 0.228787 -6.025554 
024.30 021.58 0.152790 -7.194735 
024.30 021.51 0.149465 -7.246706 
024.30 021.48 0.172032 -6.607374 
024.30 021.35 0.190430 -7.083709 
024.30 021.26 0.154632 -7.511030 
024.30 021.25 0.123843 -7.996920 
024.30 018.74 0.191232 -6.518865 
024.30 018.67 0.184054 -6.403528 
024.30 018.52 0.149080 -6.981621 
024.30 018.49 0.150739 -6.521192 
024.30 018.43 0.158232 -7.059186 
024.30 018.36 0.151487 -7.120958 
024.30 018.28 0.122114 -8.548126 
024.30 018.18 0.206903 -6.159482 
024.30 015.5 0.254416 -5.672176 
024.30 015.46 0.156615 -7.130633 
024.30 015.4 0.286717 -4.808728 
024.30 015.34 0.165891 -7.218494 
024.30 015.24 0.152785 -7.273727 
024.30 015.2 0.207112 -6.309451 
024.30 015.16 0.176963 -5.857440 
024.30 015.1 0.197421 -6.834566 
024.30 012.71 0.175087 -7.293726 
024.30 012.69 0.159247 -7.034277 
024.30 012.66 0.155104 -7.012057 
024.30 012.63 0.168498 -7.230440 
024.30 012.59 0.127325 -7.028318 
024.30 012.56 0.143367 -6.971555 
024.30 012.42 0.157785 -6.737924 
024.30 012.41 0.179171 -6.878359 
024.47 021.8 0.191207 -5.706801 
024.47 021.6 0.202950 -6.172154 
024.47 021.58 0.142996 -6.747731 
024.47 021.51 0.090589 -8.615755 
024.47 021.48 0.051630 -10.252888 
024.47 021.35 0.179031 -6.696095 
024.47 021.26 0.143537 -7.112158 
024.47 021.25 0.150792 -6.190419 
024.47 018.74 0.170711 -6.468759 
024.47 018.67 0.159179 -6.514540 
024.47 018.52 0.093894 -8.214124 
024.47 018.49 0.031691 -10.116578 
024.47 018.43 0.130528 -7.274869 
024.47 018.36 0.152200 -6.285191 
024.47 018.28 0.153971 -6.560014 
024.47 018.18 0.191815 -5.908363 
024.47 015.5 0.234735 -5.591011 
024.47 015.46 0.125584 -7.469386 
024.47 015.4 0.227175 -6.202409 
024.47 015.34 0.156273 -6.764964 
024.47 015.24 0.143474 -6.808840 
024.47 015.2 0.185961 -6.282689 
024.47 015.16 0.155674 -5.835739 
024.47 015.1 0.186088 -6.444520 
024.47 012.71 0.172174 -6.592123 
024.47 012.69 0.148409 -6.625879 
024.47 012.66 0.147370 -6.488845 
024.47 012.63 0.158357 -6.796275 
024.47 012.59 0.113258 -6.739406 
024.47 012.56 0.121000 -6.989748 
024.47 012.42 0.129895 -6.960469 
024.47 012.41 0.161555 -6.720752 
024.7 021.8 0.083802 -11.035371 
024.7 021.6 0.129082 -10.259848 
024.7 021.58 0.221006 -5.215964 
024.7 021.51 0.205973 -5.701132 
024.7 021.48 0.195892 -6.269776 
024.7 021.35 0.226269 -6.302865 
024.7 021.26 0.219881 -5.642036 
024.7 021.25 0.191212 -6.049476 
024.7 018.74 0.220688 -5.974191 
024.7 018.67 0.187129 -6.834978 
024.7 018.52 0.203948 -5.496712 
024.7 018.49 0.181693 -5.921103 
024.7 018.43 0.202793 -5.955643 
024.7 018.36 0.198816 -5.915000 
024.7 018.28 0.211379 -5.790527 
024.7 018.18 0.144650 -9.008056 
024.7 015.5 0.141600 -10.391599 
024.7 015.46 0.216745 -5.451018 
024.7 015.4 0.159136 -10.074419 
024.7 015.34 0.212086 -6.054482 
024.7 015.24 0.196153 -6.214315 
024.7 015.2 0.185343 -7.660133 
024.7 015.16 0.138101 -7.840542 
024.7 015.1 0.183845 -7.882099 
024.7 012.71 0.220034 -6.175891 
024.7 012.69 0.207335 -5.800212 
024.7 012.66 0.189096 -6.299556 
024.7 012.63 0.192443 -6.889681 
024.7 012.59 0.186783 -5.373588 
024.7 012.56 0.192192 -5.710241 
024.7 012.42 0.212933 -5.242681 
024.7 012.41 0.231386 -5.491624 
024.73 021.8 0.182180 -6.110653 
024.73 021.6 0.213428 -5.854310 
024.73 021.58 0.131214 -7.253518 
024.73 021.51 0.143377 -6.732440 
024.73 021.48 0.156637 -6.437477 
024.73 021.35 0.186831 -6.477329 
024.73 021.26 0.157424 -6.668178 
024.73 021.25 0.126986 -7.141106 
024.73 018.74 0.026232 -11.884348 
024.73 018.67 0.143257 -7.173492 
024.73 018.52 0.138625 -6.628921 
024.73 018.49 0.133814 -6.407901 
024.73 018.43 0.125870 -7.517059 
024.73 018.36 0.136463 -6.937326 
024.73 018.28 0.145147 -6.956353 
024.73 018.18 0.188502 -6.100804 
024.73 015.5 0.229857 -5.841348 
024.73 015.46 0.142258 -6.922313 
024.73 015.4 0.251624 -5.367624 
024.73 015.34 0.163478 -6.568242 
024.73 015.24 0.143999 -6.859288 
024.73 015.2 0.191674 -6.141129 
024.73 015.16 0.153161 -5.998564 
024.73 015.1 0.197738 -6.083313 
024.73 012.71 0.154192 -7.327288 
024.73 012.69 0.118215 -7.812904 
024.73 012.66 0.118166 -7.639216 
024.73 012.63 0.156609 -6.930797 
024.73 012.59 0.111463 -6.875678 
024.73 012.56 0.124534 -6.928824 
024.73 012.42 0.125694 -7.185764 
024.73 012.41 0.155231 -7.024609 
